0.22194624,0.19941567,0.18838646,0.19663668,0.19361489
0.20159899,0.22313796,0.19659993,0.18978028,0.1888828
0.22570851,0.2195957,0.18706955,0.1892637,0.17836253
0.2211416,0.2212905,0.19101608,0.1926774,0.17387444
0.22224551,0.20469432,0.19436845,0.1967707,0.18192099
0.23685673,0.21572134,0.19019589,0.20220348,0.15502249
0.21499427,0.21998025,0.18078333,0.19275747,0.19148469
0.15172157,0.20975424,0.15728104,0.18401453,0.2972286
0.23463434,0.20259148,0.22431673,0.22920401,0.10925341
0.22863162,0.21622665,0.1948891,0.18075657,0.1794961
0.23502871,0.21969448,0.18297523,0.18017252,0.182129
0.2597418,0.22055075,0.23055768,0.1231131,0.16603664
0.18585613,0.2677598,0.1927582,0.19569045,0.15793549
0.22945105,0.18625239,0.18906845,0.21480045,0.18042772
0.22174479,0.21349509,0.17825139,0.1961822,0.19032654
0.29266965,0.27326748,0.12362454,0.14209737,0.16834094
0.22046643,0.23405375,0.18299371,0.17927757,0.18320857
0.23071416,0.19948544,0.18945643,0.18913579,0.1912082
0.22258593,0.20909119,0.19654848,0.18640465,0.1853697
0.20358892,0.19265124,0.17333432,0.20408626,0.2263392
0.18987636,0.23431684,0.16215906,0.16472183,0.24892618
0.25976738,0.18629326,0.18052252,0.18806757,0.18534929
0.22866338,0.19813918,0.20872036,0.17629519,0.18818189
0.25505984,0.22166738,0.19596945,0.19729505,0.13000831
0.24316294,0.2521827,0.18183091,0.20388916,0.118934296
0.21250589,0.20362207,0.2164987,0.18947533,0.17789802
0.18195309,0.23497733,0.22566631,0.23443685,0.12296644
0.22511472,0.19220369,0.21576644,0.18854347,0.17837173
0.23433925,0.21747445,0.19301358,0.19899763,0.15617512
0.21479104,0.23444773,0.1942867,0.216753,0.13972151
0.23036839,0.18666783,0.227065,0.210075,0.14582373
0.21014643,0.22269273,0.19946808,0.18560043,0.1820923
0.21797277,0.19315018,0.23107417,0.19427182,0.16353108
0.21159843,0.20852214,0.19849233,0.1921403,0.18924683
0.2344803,0.2231492,0.20049372,0.17220615,0.16967063
0.18652585,0.1833819,0.21812305,0.20669912,0.20527008
0.21306846,0.21024872,0.17814776,0.19159228,0.20694278
0.2406272,0.20585705,0.2027428,0.18349868,0.16727425
0.24357355,0.18270124,0.17730215,0.19845773,0.1979653
0.22347145,0.1916166,0.19854538,0.20420282,0.18216376
0.21861622,0.23399925,0.15851006,0.27055097,0.11832376
0.2280749,0.17788579,0.2050319,0.20216179,0.18684554
0.22877657,0.19532499,0.20372157,0.18167117,0.19050568
0.1609604,0.22793333,0.19970672,0.1894151,0.22198439
0.21736482,0.30048144,0.17985487,0.20072553,0.1015733
0.23498291,0.20465371,0.1916268,0.1848464,0.18389016
0.2408279,0.19958135,0.18715048,0.20143692,0.17100337
0.21534729,0.21160452,0.19949192,0.22044748,0.15310884
0.22011827,0.21684399,0.20202091,0.18948023,0.17153656
0.20991094,0.20395811,0.21096256,0.23397318,0.14119518
0.22731373,0.20224093,0.20337415,0.1928216,0.17424959
0.19416092,0.21412,0.19707455,0.29907915,0.09556534
0.20336847,0.22964114,0.21345638,0.21003826,0.14349571
0.24268489,0.20652628,0.19192307,0.18303306,0.1758327
0.16787083,0.29422852,0.26466408,0.18741657,0.085820146
0.20992163,0.22680958,0.1991432,0.18333453,0.18079108
0.18035388,0.19740891,0.23263,0.25078398,0.13882352
0.23240899,0.19415948,0.18777628,0.1976494,0.18800585
0.24472281,0.17182288,0.19844368,0.16434924,0.2206614
0.22112383,0.20030451,0.19450273,0.19585985,0.18820909
0.2221889,0.19953205,0.18596762,0.20008458,0.1922269
0.22630087,0.19271927,0.22900707,0.21665342,0.13531943
0.32863516,0.12504499,0.18778674,0.23571655,0.1228166
0.23007414,0.2069744,0.21216159,0.1803475,0.1704424
0.2400178,0.19987321,0.19566537,0.17988688,0.18455674
0.23677114,0.18137042,0.19153212,0.19488566,0.1954407
0.22720484,0.19142443,0.17882858,0.23770878,0.16483344
0.2166715,0.2079028,0.20330223,0.17600675,0.19611669
0.23207824,0.22532742,0.19933511,0.1666732,0.176586
0.22828014,0.20587221,0.17922191,0.1981554,0.18847027
0.23245151,0.22999655,0.19053355,0.181369,0.16564937
0.20070148,0.24481387,0.2612425,0.21781924,0.075422965
0.14962782,0.25656214,0.28333917,0.23291412,0.07755674
0.21864256,0.23947456,0.18746789,0.18001187,0.17440312
0.27525228,0.19084843,0.20598064,0.20341448,0.124504134
0.21612838,0.22591777,0.18132755,0.18042757,0.19619872
0.239945,0.21908431,0.19259056,0.1948966,0.15348357
0.24266008,0.20861189,0.18813227,0.17892066,0.18167518
0.21097015,0.2218782,0.19412182,0.18474147,0.18828835
0.23805898,0.22960448,0.18510178,0.19194962,0.1552851
0.22184221,0.21975279,0.19308877,0.18232226,0.18299398
0.2310034,0.20514832,0.2203994,0.21118262,0.13226633
0.20818129,0.20308772,0.2641034,0.23360482,0.09102277
0.22734298,0.19132002,0.18696333,0.19491246,0.19946122
0.1893861,0.30495572,0.22109272,0.11861374,0.16595177
0.22829123,0.21994355,0.18583857,0.18066122,0.18526548
0.2182225,0.22937177,0.18347095,0.18426177,0.184673
0.18244636,0.28896892,0.22235642,0.20585325,0.10037499
0.21653506,0.22236823,0.18077861,0.19651312,0.18380497
0.21303537,0.22826949,0.18710105,0.18871103,0.18288304
0.231947,0.21005535,0.18793474,0.18144485,0.18861803
0.21799901,0.23529193,0.18890657,0.16158304,0.19621944
0.27755108,0.20265107,0.22003394,0.19758083,0.10218315
0.2191119,0.21252806,0.2019177,0.18711269,0.17932971
0.23208712,0.21722585,0.17544365,0.19285947,0.18238385
0.25275043,0.20786522,0.18920323,0.1887512,0.16142988
0.21526305,0.21536675,0.20177272,0.186421,0.18117651
0.20981391,0.11735076,0.40555432,0.21806647,0.049214557
0.20352228,0.16962294,0.19264787,0.23949331,0.19471358
0.2259672,0.21911359,0.1729411,0.1803097,0.20166838
0.21970846,0.22705299,0.18330818,0.17858627,0.19134413
0.24698034,0.14982422,0.21642622,0.177573,0.20919624
0.22916164,0.1963273,0.19428945,0.18874241,0.19147912
0.24741341,0.18181607,0.18429029,0.2016919,0.18478839
0.2348835,0.14615598,0.19427124,0.28821406,0.13647522
0.23082155,0.20709606,0.17591022,0.19286136,0.1933108
0.22981484,0.22451577,0.16963403,0.1908246,0.1852108
0.14216828,0.21519423,0.30816135,0.27170706,0.06276912
0.21748738,0.22024594,0.2643797,0.15918657,0.13870041
0.20946445,0.21211706,0.21418445,0.1982437,0.16599037
0.2684011,0.2710379,0.20367993,0.16865367,0.08822741
0.21355182,0.18838343,0.19261596,0.2036772,0.20177154
0.23315048,0.18892643,0.1874748,0.20089892,0.18954931
0.25052154,0.1682788,0.19096945,0.20325863,0.18697147
0.22270483,0.21214868,0.19457223,0.18921977,0.18135454
0.21877208,0.19937275,0.19708464,0.19387755,0.19089301
0.22644146,0.19703041,0.20491053,0.1892904,0.18232724
0.20735139,0.24593581,0.1777532,0.118962005,0.2499976
0.219501,0.20048779,0.18145373,0.19336778,0.20518966
0.21703063,0.20906824,0.19810483,0.14007966,0.23571664
0.23084746,0.1896,0.20526956,0.18037069,0.19391225
0.23373926,0.19909309,0.20485622,0.1857936,0.17651786
0.17770094,0.23108976,0.28725076,0.22015071,0.08380763
0.22996576,0.18469577,0.18868385,0.19542518,0.20122947
0.23213229,0.2035082,0.19372481,0.18842441,0.18221031
0.1279538,0.27603447,0.2993271,0.2531396,0.043544997
0.21921691,0.25453436,0.24093628,0.20672151,0.078590915
0.22994776,0.20607163,0.19938836,0.18184018,0.18275209
0.13497956,0.1774427,0.14727643,0.34229377,0.19800761
0.24618787,0.20035195,0.1779442,0.18581992,0.18969604
0.13389876,0.21418947,0.30483526,0.26092184,0.08615471
0.21443543,0.2226923,0.18534975,0.19118708,0.18633544
0.20528877,0.20738718,0.20435409,0.2036987,0.1792713
0.2516596,0.17739195,0.20087717,0.1881386,0.1819327
0.2022901,0.22409903,0.2105786,0.18235604,0.18067618
0.23900285,0.19556439,0.1980346,0.16952728,0.19787085
0.23396361,0.19540845,0.18133616,0.19263965,0.19665208
0.2299479,0.21556039,0.18855004,0.19371265,0.172229
0.21797968,0.2185438,0.18917337,0.17562415,0.19867899
0.22035238,0.16216742,0.18702988,0.196631,0.23381935
0.22000289,0.25093952,0.1894015,0.20230162,0.13735425
0.24483566,0.21183519,0.17333744,0.18722145,0.18277027
0.23907006,0.2316554,0.18671049,0.17485593,0.16770811
0.2286945,0.21488261,0.1878135,0.17897806,0.1896313
0.18486664,0.28959832,0.19462755,0.21262698,0.118280694
0.22431307,0.20831633,0.19891469,0.17725965,0.19119626
0.26617643,0.1673253,0.19716533,0.18218665,0.18714626
0.21814214,0.22910722,0.20371547,0.20841998,0.1406152
0.16987172,0.22005107,0.27796945,0.23213813,0.09996946
0.26099166,0.21821961,0.1955535,0.17166288,0.15357235
0.22905447,0.19279476,0.20922223,0.18399532,0.1849332
0.25028417,0.1681378,0.19129877,0.17362113,0.21665806
0.20992734,0.21087538,0.19697656,0.18643081,0.19578998
0.2332795,0.18597685,0.18155043,0.19556691,0.20362629
0.22299387,0.20286338,0.18583313,0.18853112,0.19977847
0.18105006,0.31518972,0.2348948,0.13041118,0.1384542
0.22205745,0.18869087,0.20941474,0.17670934,0.20312764
0.23294598,0.22978611,0.20842767,0.17994869,0.1488915
0.21155696,0.20153299,0.20282342,0.20820051,0.17588611
0.24635202,0.26126584,0.22332793,0.17439839,0.09465579
0.2205132,0.199731,0.19396798,0.19441658,0.19137129
0.2041268,0.21374208,0.19377129,0.20062807,0.18773173
0.25608993,0.18995333,0.22545987,0.20026416,0.12823273
0.19949843,0.21847382,0.17937621,0.2071239,0.19552763
0.2653934,0.2018078,0.18053052,0.18622936,0.16603896
0.23822303,0.246975,0.15826935,0.17054513,0.18598755
0.2094536,0.19985661,0.19206214,0.20029832,0.19832927
0.29129323,0.18963468,0.18118389,0.17123571,0.16665246
0.23584007,0.19660726,0.19035926,0.20027858,0.17691481
0.18107645,0.1658448,0.21019098,0.2251936,0.21769412
0.19079515,0.25798067,0.17890957,0.17841226,0.19390237
0.21421933,0.22432788,0.18065563,0.19402649,0.18677062
0.24315734,0.19107217,0.19874194,0.1909637,0.17606488
0.20600526,0.21358274,0.1797528,0.21297297,0.18768623
0.28473282,0.199894,0.16489528,0.18260413,0.16787378
0.22597028,0.1695533,0.17896,0.19328398,0.23223244
0.27701935,0.21881409,0.16276978,0.1676319,0.17376491
0.23469846,0.2121926,0.19644764,0.20845263,0.1482087
0.14989041,0.15416296,0.25964135,0.16275835,0.27354693
0.24503173,0.18558289,0.20063461,0.18746388,0.18128692
0.19785088,0.21432076,0.21130043,0.21707383,0.15945417
0.21346526,0.24451761,0.18125688,0.18009102,0.18066919
0.2184804,0.19650602,0.19007504,0.18464394,0.21029465
0.21439974,0.25427115,0.20641541,0.20122218,0.123691455
0.14890645,0.25633422,0.23492403,0.24658118,0.11325416
0.220115,0.20531762,0.21129486,0.18921986,0.1740527
0.28335646,0.20725796,0.17905824,0.16753888,0.16278848
0.21674398,0.21244234,0.21428813,0.22452171,0.13200381
0.21718414,0.22523113,0.1946097,0.18695748,0.17601764
0.2267646,0.1890408,0.19184533,0.19073159,0.20161776
0.2312493,0.20020564,0.19030532,0.17870615,0.1995336
0.2273716,0.20421192,0.19554529,0.22931719,0.14355396
0.21151675,0.24412653,0.19518842,0.1743138,0.1748545
0.2756523,0.19816494,0.17313445,0.1795918,0.17345649
0.26508868,0.1463643,0.1952114,0.23525183,0.15808369
0.23859444,0.19429575,0.19329248,0.18551882,0.18829845
0.2279176,0.22174312,0.1711364,0.19165075,0.18755212
0.19055928,0.20380254,0.19472425,0.2400353,0.17087865
0.21714687,0.21236594,0.19510181,0.18747808,0.18790734
0.15679331,0.24131064,0.23018359,0.2323341,0.13937841
0.21858186,0.21630187,0.19950928,0.18420449,0.18140256
0.24860051,0.18567796,0.20916378,0.17381753,0.18274027
0.22331885,0.20159583,0.19303118,0.20025201,0.18180215
0.25048816,0.27066395,0.2054331,0.14662442,0.12679043
0.24391568,0.19880836,0.18910864,0.18972802,0.17843933
0.17622432,0.3011512,0.17148764,0.22487804,0.12625888
0.2480794,0.19936633,0.19136304,0.18812017,0.17307103
0.21682271,0.19858745,0.21065903,0.21468022,0.1592506
0.2339414,0.20907456,0.19163702,0.18883832,0.1765086
0.21250881,0.21227929,0.20711102,0.1959485,0.17215233
0.20977673,0.2182011,0.19703105,0.21148744,0.16350372
0.15037337,0.2241874,0.19267029,0.29528525,0.1374837
0.23287292,0.20901898,0.19479884,0.18761708,0.17569219
0.16300175,0.22481807,0.22302482,0.19741464,0.19174081
0.20769739,0.26857308,0.19812277,0.18212238,0.14348426
0.23116848,0.1917137,0.19497429,0.19996127,0.18218224
0.2154034,0.19910994,0.19774985,0.19263303,0.19510372
0.22946897,0.20886359,0.1922034,0.19292763,0.17653641
0.22441514,0.21758626,0.17893001,0.18532756,0.19374101
0.23002662,0.21242915,0.18309988,0.18731432,0.18713006
0.252645,0.2174584,0.21274766,0.19137946,0.1257695
0.23518933,0.18983547,0.1811537,0.20213218,0.19168939
0.2266384,0.19478431,0.19504042,0.19543661,0.18810026
0.23094602,0.18849479,0.20740682,0.202603,0.17054938
0.22478126,0.21164939,0.19317897,0.20263878,0.16775161
0.21010639,0.23653273,0.25099272,0.16773835,0.13462983
0.24211049,0.19874848,0.1905024,0.18493202,0.18370657
0.25732967,0.2176448,0.19652326,0.16735674,0.16114554
0.26509142,0.19817862,0.17532434,0.19065939,0.17074633
0.21384926,0.21439065,0.19756402,0.20614348,0.16805264
0.2221155,0.25482896,0.21225016,0.17276357,0.1380418
0.23889136,0.19735298,0.18969868,0.18914326,0.18491374
0.23171003,0.23343103,0.18518215,0.1845816,0.16509514
0.22131588,0.238475,0.17439434,0.17890736,0.18690741
0.22956459,0.2343432,0.17330971,0.17924137,0.18354115
0.2831136,0.27246442,0.14941086,0.15772305,0.1372881
0.22868836,0.26379228,0.19334948,0.18476424,0.12940562
0.23170412,0.19743311,0.1962782,0.19868666,0.17589799
0.25047234,0.20793794,0.18494834,0.18890317,0.16773827
0.20997627,0.21838379,0.19063929,0.19114612,0.18985458
0.28196815,0.19080587,0.24876685,0.17507426,0.10338487
0.20015495,0.24035555,0.17434546,0.18915795,0.19598612
0.22227477,0.23952192,0.21583182,0.1841253,0.1382462
0.20171687,0.23660544,0.18434866,0.19126964,0.18605939
0.30340886,0.17119426,0.18586743,0.21739163,0.12213788
0.20878428,0.23404635,0.18044859,0.1952053,0.18151547
0.20746538,0.16619839,0.2883286,0.19739452,0.14061311
0.22569996,0.24878208,0.16644427,0.17855318,0.18052049
0.23475713,0.20366272,0.20510615,0.17518052,0.18129355
0.22666098,0.24551815,0.18998875,0.17719297,0.16063915
0.24204883,0.2041972,0.19265409,0.19342186,0.16767809
0.210651,0.22053865,0.18309344,0.20410849,0.18160841
0.21217574,0.22390632,0.18495534,0.1959669,0.18299578
0.18647482,0.24368638,0.22595835,0.20952632,0.1343542
0.17063187,0.22082256,0.23766702,0.2656907,0.10518788
0.21384136,0.23496522,0.20641525,0.19660902,0.14816919
0.22859493,0.21112779,0.20419009,0.20161958,0.15446757
0.23013401,0.17791754,0.20211598,0.18226402,0.20756835
0.23331761,0.18301411,0.21085973,0.20624855,0.16656001
0.22937357,0.17498381,0.18918723,0.20249757,0.20395777
0.21035391,0.19907182,0.20616134,0.19245708,0.19195585
0.21382885,0.19293712,0.19261913,0.2061386,0.19447625
0.2330073,0.2031951,0.18443727,0.18560658,0.19375378
0.20329963,0.21488945,0.18707502,0.22129478,0.17344119
0.23118912,0.20692849,0.18648545,0.19310515,0.1822918
0.23088749,0.24625161,0.2186723,0.22383854,0.080350086
0.24855372,0.1960775,0.19080329,0.18542656,0.17913896
0.23323964,0.21490629,0.17461152,0.25157827,0.12566428
0.20567171,0.24174371,0.18568331,0.19686387,0.17003725
0.2262803,0.19822586,0.18676537,0.19495817,0.1937704
0.20528352,0.28732097,0.1577094,0.20864597,0.14104015
0.2724399,0.21003816,0.17364532,0.1733314,0.17054525
0.21637228,0.26078835,0.1830589,0.22154275,0.11823775
0.23158637,0.21310073,0.18041506,0.2053249,0.16957296
0.12439241,0.27033144,0.21619006,0.30655572,0.08253041
0.20876728,0.24212341,0.20212187,0.17225242,0.17473507
0.18921633,0.20473324,0.1740712,0.233271,0.19870842
0.26171902,0.20680627,0.17661518,0.17987959,0.17497997
0.17923455,0.19563153,0.19339326,0.23333499,0.19840562
0.24746329,0.22006148,0.17014542,0.19145231,0.17087752
0.26038206,0.21514688,0.20404938,0.17255047,0.14787124
0.22116645,0.2129458,0.19298346,0.19281606,0.18008831
0.30171853,0.17391811,0.27105448,0.17695329,0.07635553
0.21448639,0.20665593,0.21700783,0.18539499,0.17645489
0.21775804,0.21254794,0.2080797,0.20928161,0.15233271
0.23498486,0.22296599,0.2133348,0.16471346,0.16400094
0.24377687,0.20447654,0.20306748,0.18601145,0.1626677
0.14694655,0.32322577,0.20673232,0.22760284,0.0954927
0.20022006,0.22340018,0.2003932,0.19269165,0.18329486
0.21785617,0.19054964,0.19402173,0.22073081,0.1768416
0.22103864,0.22025383,0.21395104,0.17878422,0.1659723
0.23004389,0.2032522,0.2172865,0.17259876,0.17681871
0.24957766,0.20018354,0.18744802,0.18861449,0.17417629
0.20861292,0.22105762,0.16405128,0.19456784,0.21171024
0.22578816,0.21587642,0.20402768,0.18697694,0.16733085
0.18984962,0.24417837,0.20265913,0.23728926,0.12602368
0.24869017,0.20010026,0.19922958,0.18546402,0.16651592
0.24365969,0.20082523,0.1795601,0.18665826,0.18929668
0.21048604,0.2279366,0.19053361,0.17969185,0.19135194
0.17599751,0.22863916,0.15372112,0.27723977,0.16440248
0.22050601,0.18296187,0.20717148,0.2070652,0.18229544
0.2193604,0.22250596,0.19048275,0.17872375,0.18892711
0.12521896,0.17708872,0.2513422,0.32157397,0.1247762
0.21114999,0.19510953,0.20420566,0.28261572,0.1069191
0.20896189,0.2290465,0.21188474,0.21709004,0.13301691
0.2011413,0.21318254,0.2141698,0.20270097,0.16880542
0.22223283,0.20871861,0.18721355,0.19446182,0.1873732
0.24269667,0.24880722,0.22419256,0.15506265,0.12924083
0.1883882,0.23557119,0.22707558,0.25293306,0.096032
0.22634326,0.19079824,0.20089683,0.1881511,0.19381054
0.20552924,0.21091153,0.25379035,0.21671745,0.11305151
0.23151249,0.19220762,0.18300863,0.19710228,0.19616903
0.12753175,0.24548948,0.23456776,0.29404098,0.09837015
0.25404653,0.22300845,0.19396232,0.18552655,0.1434562
0.1338643,0.28790197,0.28255227,0.25028312,0.045398287
0.23413153,0.19912304,0.1901522,0.19751859,0.17907462
0.18984602,0.24186504,0.19100991,0.22959399,0.14768505
0.2198846,0.20531854,0.20282727,0.20491639,0.16705327
0.20968468,0.22487602,0.184893,0.20702603,0.17352028
0.28520113,0.18846714,0.18156424,0.18156792,0.16319951
0.19164577,0.2030276,0.19209065,0.23022948,0.18300642
0.19442244,0.2422307,0.20589451,0.19433106,0.16312124
0.32055107,0.19192444,0.15115087,0.17874235,0.15763134
0.22212656,0.21603188,0.19756877,0.19228412,0.17198871
0.25017837,0.23372567,0.2136725,0.16854,0.13388349
0.22338115,0.20917845,0.19659217,0.195075,0.17577323
0.2255352,0.20834479,0.19419824,0.19493055,0.17699124
0.22303315,0.20291394,0.20300889,0.19537482,0.17566918
0.24075402,0.21978168,0.18838793,0.19040787,0.16066846
0.19691807,0.23451254,0.17798398,0.19245826,0.19812717
0.21645097,0.22654322,0.18848301,0.2163458,0.15217689
0.21469006,0.20743194,0.20207055,0.19318317,0.18262424
0.23221178,0.1630836,0.2506264,0.2367888,0.11728944
0.20897612,0.21874008,0.20691712,0.18679157,0.17857513
0.21045847,0.18690789,0.21110672,0.20631602,0.18521091
0.1763341,0.19994311,0.2189567,0.21465893,0.19010715
0.21714862,0.21028264,0.19209754,0.19551647,0.1849547
0.21424335,0.223043,0.18599862,0.19930236,0.1774126
0.23841143,0.21233079,0.18259054,0.17977305,0.18689418
0.21613951,0.20158246,0.19646719,0.22004557,0.16576526
0.20151165,0.22024009,0.19654806,0.22091077,0.1607895
0.21387246,0.1962071,0.1993239,0.18856104,0.20203552
0.23895037,0.17909123,0.2060802,0.17990144,0.19597675
0.17019579,0.23399796,0.2656987,0.27291924,0.05718819
0.22911529,0.19299161,0.21685253,0.18398367,0.17705691
0.25992543,0.16322364,0.17949823,0.29763475,0.09971798
0.12589805,0.2860581,0.29288897,0.24501672,0.050138324
0.22125742,0.2327137,0.18372853,0.18730117,0.17499918
0.22435126,0.21107057,0.21388017,0.20164439,0.14905363
0.20513476,0.21245366,0.19056906,0.20119198,0.19065058
0.17964607,0.20306599,0.26382205,0.23594497,0.1175209
0.19090945,0.19344573,0.22723459,0.2303741,0.15803614
0.20161496,0.25193587,0.1618664,0.20708704,0.17749576
0.2231243,0.20854044,0.20243406,0.19519806,0.17070317
0.22327542,0.21902882,0.2215027,0.20452753,0.13166556
0.25649405,0.2146565,0.19580777,0.17217973,0.16086197
0.2203681,0.20104322,0.20900393,0.18857342,0.18101127
0.20443082,0.2057773,0.23569351,0.18545672,0.16864163
0.21336633,0.20032287,0.19786061,0.20454662,0.1839036
0.23689586,0.16957848,0.2177061,0.20706476,0.16875483
0.23142314,0.20006421,0.19074312,0.19428001,0.1834895
0.21786727,0.23003443,0.20166142,0.16385262,0.18658426
0.22639076,0.24315403,0.19287315,0.20881726,0.12876475
0.23327085,0.2002405,0.19280733,0.18986237,0.18381897
0.22261404,0.23524779,0.18555933,0.18592726,0.17065154
0.23003507,0.21569966,0.19150501,0.16875167,0.19400856
0.13096754,0.2648477,0.2863457,0.23923053,0.07860847
0.22936447,0.20522457,0.19158292,0.2049984,0.16882965
0.19687934,0.26079842,0.22740099,0.19802774,0.116893515
0.23654267,0.20854998,0.187675,0.19720095,0.17003146
0.25011125,0.22891824,0.21030127,0.15984093,0.1508283
0.2330232,0.21486528,0.19961369,0.18088771,0.17161009
0.19683175,0.26937032,0.22011438,0.20177121,0.11191219
0.2107426,0.2166525,0.19766471,0.18517227,0.18976793
0.20008545,0.20968555,0.19168197,0.21063317,0.18791388
0.22003931,0.20599972,0.18631187,0.1882009,0.1994482
0.22055128,0.20979346,0.20340645,0.21347374,0.15277505
0.21868983,0.24944387,0.15213253,0.19060463,0.1891291
0.23344888,0.19820148,0.19103095,0.22789438,0.14942434
0.2306779,0.20209025,0.1908326,0.18130901,0.19509022
0.22848104,0.22164002,0.17273238,0.18750606,0.18964048
0.2298155,0.21207339,0.19155318,0.19840378,0.16815415
0.24240978,0.19838515,0.18958835,0.18770498,0.18191178
0.22929208,0.25705975,0.20073876,0.19166175,0.12124766
0.2098514,0.20964514,0.19893855,0.18888736,0.19267756
0.24549834,0.18929175,0.21877062,0.18463168,0.16180766
0.21951336,0.25194615,0.1899256,0.1855261,0.15308905
0.22300375,0.1977408,0.18038201,0.18489382,0.21397963
0.21992673,0.20141509,0.186228,0.18855461,0.20387551
0.22002552,0.17525788,0.19884661,0.16819923,0.23767076
0.2251179,0.22794606,0.21263422,0.17916049,0.15514126
0.22585508,0.16900735,0.195011,0.18649782,0.22362874
0.26468083,0.25943592,0.20182182,0.17220065,0.101860724
0.24089712,0.18737094,0.17446978,0.19085814,0.20640405
0.20947856,0.17028454,0.27284765,0.17011876,0.17727043
0.23681144,0.20385638,0.18697335,0.18858087,0.18377796
0.232135,0.18261476,0.20677775,0.20561622,0.17285636
0.21484496,0.2120445,0.20726945,0.18974933,0.1760918
0.23287119,0.24248181,0.21562508,0.16888998,0.140132
0.2148704,0.22195841,0.20753375,0.17727937,0.17835808
0.16547902,0.22891128,0.28703478,0.23046735,0.08810764
0.24165276,0.20206887,0.19711284,0.18680847,0.17235704
0.22729051,0.21000329,0.24419539,0.17623775,0.14227307
0.21229164,0.21672861,0.19282387,0.2060873,0.17206858
0.21441,0.17640005,0.23543681,0.16268896,0.21106422
0.23519687,0.19385381,0.20325737,0.18037255,0.18731941
0.21665852,0.2130231,0.21402475,0.17903115,0.17726249
0.13037272,0.30372173,0.29145342,0.2378516,0.036600526
0.25081614,0.20200661,0.18334447,0.18572354,0.17810923
0.20843387,0.21257862,0.24087323,0.23125069,0.106863506
0.2584109,0.21080023,0.18224353,0.20204079,0.14650445
0.24710459,0.1999418,0.18283024,0.1867586,0.18336482
0.21589741,0.21295519,0.19929089,0.18809758,0.18375897
0.22583306,0.20528916,0.19940038,0.19721717,0.17226036
0.21128292,0.2387085,0.17649215,0.19246094,0.18105538
0.21817774,0.20487927,0.20462577,0.18050751,0.19180974
0.17152034,0.26438913,0.34393203,0.16817872,0.051979687
0.21572773,0.22186475,0.19793835,0.18453324,0.17993593
0.22889483,0.21339737,0.18396254,0.1824346,0.19131067
0.21859337,0.23914318,0.19994792,0.18180068,0.16051486
0.22354199,0.19891946,0.19213311,0.19602598,0.18937947
0.21419136,0.15568675,0.20599751,0.2187784,0.20534603
0.2197559,0.21687773,0.21140826,0.17863917,0.17331894
0.2132778,0.20354713,0.18958598,0.18817018,0.20541885
0.21325289,0.1748396,0.25784698,0.19823582,0.15582472
0.22807619,0.20581174,0.18610771,0.19267221,0.18733218
0.24766715,0.20813568,0.17919971,0.18470734,0.18029012
0.19165367,0.21169668,0.2579155,0.20181677,0.13691741
0.2111705,0.20855819,0.1684469,0.20785658,0.20396778
0.23431467,0.19929378,0.20085874,0.17923585,0.18629701
0.23093927,0.21129793,0.17914344,0.20723021,0.17138915
0.22185959,0.20499627,0.20509943,0.19399416,0.17405055
0.1853166,0.14063163,0.16587308,0.40104726,0.10713143
0.21084376,0.21281047,0.1824842,0.1990157,0.19484589
0.20830221,0.27988902,0.1809825,0.17132814,0.1594981
0.23463741,0.29509857,0.20885123,0.10191355,0.15949924
0.22986595,0.23280297,0.17790289,0.18753135,0.17189683
0.22083469,0.21297891,0.17841819,0.19036025,0.19740796
0.20910764,0.24713829,0.1964414,0.17314212,0.17417057
0.2547103,0.21391678,0.24442922,0.15698071,0.12996303
0.23101677,0.18644048,0.18938702,0.20404316,0.18911256
0.2243733,0.21486683,0.17987446,0.18991545,0.19096996
0.24338576,0.15355214,0.20188232,0.19754975,0.20363009
0.22867337,0.18595779,0.18668905,0.22773664,0.1709431
0.21652305,0.21549934,0.18855353,0.20384845,0.17557567
0.21667099,0.23386537,0.16615757,0.1979689,0.1853372
0.2394336,0.16540174,0.20621622,0.21114975,0.17779864
0.22182648,0.2117066,0.18498059,0.20824668,0.17323954
0.22923493,0.21686818,0.18584034,0.18027797,0.18777855
0.20349304,0.20402016,0.25880626,0.22265533,0.11102522
0.21948893,0.209527,0.19444622,0.19621393,0.18032387
0.22106133,0.1754256,0.20598438,0.2007716,0.1967571
0.21783112,0.23397788,0.21142451,0.17249446,0.164272
0.23927762,0.200615,0.20991698,0.18304087,0.16714953
0.2195071,0.21523361,0.21715736,0.18832868,0.15977328
0.24728693,0.16123417,0.2116941,0.1690706,0.21071418
0.23545659,0.18859121,0.20910092,0.1789337,0.1879175
0.21203454,0.21519133,0.21485806,0.18251698,0.17539902
0.2534909,0.17638135,0.18928048,0.1780665,0.2027808
0.22472236,0.21276,0.20565191,0.17205563,0.18481012
0.2268853,0.26646972,0.20301004,0.18791115,0.11572364
0.2523955,0.20250557,0.1934295,0.17353222,0.17813717
0.24038775,0.23245004,0.19308133,0.17100017,0.16308065
0.18123594,0.23786703,0.31414303,0.1775997,0.08915432
0.1533743,0.26555037,0.2791963,0.23859473,0.063284025
0.24580243,0.15347202,0.19637051,0.2080357,0.19631937
0.18621032,0.16273405,0.23653822,0.28610414,0.12841333
0.119542204,0.22186288,0.37030113,0.20762542,0.08066838
0.2014378,0.1923091,0.24479295,0.17692393,0.18453614
0.24714343,0.20343387,0.20495957,0.16777486,0.17668824
0.21783428,0.18870021,0.18675026,0.21160762,0.19510752
0.22342688,0.20413655,0.19501807,0.17805248,0.19936596
0.23110199,0.18439491,0.1833725,0.18864693,0.21248369
0.23200665,0.21326128,0.20862834,0.20179124,0.14431246
0.26083502,0.18366846,0.20772459,0.18907627,0.15869565
0.23499283,0.18622227,0.20361538,0.19511853,0.180051
0.22977139,0.18579854,0.18998058,0.19667912,0.19777037
0.21308495,0.20929188,0.21877313,0.18966512,0.16918491
0.22990444,0.20141272,0.18848653,0.16662566,0.21357067
0.24017651,0.19547893,0.21539949,0.19095714,0.15798794
0.2395456,0.17337927,0.18697818,0.19895665,0.20114027
0.20997347,0.22712962,0.19509259,0.1853988,0.18240546
0.23671654,0.2013774,0.18442509,0.18587865,0.19160233
0.1412713,0.2701356,0.23670012,0.2660446,0.08584844
0.22610627,0.25402206,0.20744017,0.18616383,0.12626775
0.21936141,0.20412593,0.20194934,0.18865073,0.18591253
0.119490765,0.18081875,0.29205474,0.25899574,0.1486399
0.12345611,0.21531762,0.26382652,0.27688423,0.12051551
0.2291803,0.21739957,0.19508928,0.1808519,0.17747888
0.21963699,0.21413092,0.209558,0.19062191,0.1660522
0.23801741,0.19480194,0.19611272,0.18174282,0.18932511
0.24092345,0.21314055,0.19116752,0.18849188,0.1662766
0.22618133,0.19487807,0.18684828,0.18267256,0.2094198
0.22018008,0.21395956,0.1986622,0.18960659,0.17759156
0.23737146,0.21574432,0.21286215,0.17299236,0.16102973
0.21526094,0.21993239,0.22106273,0.19106889,0.15267508
0.22104919,0.21470279,0.21327378,0.18572353,0.16525073
0.2378094,0.26144117,0.21651934,0.16734317,0.11688695
0.24475591,0.20802362,0.18408011,0.17874847,0.18439181
0.25203508,0.21362732,0.19865498,0.17552693,0.16015568
0.19769515,0.2173961,0.22025347,0.20282322,0.16183211
0.25251308,0.20327611,0.20774034,0.17753197,0.15893853
0.23816812,0.18444076,0.22642712,0.2103517,0.14061235
0.21860428,0.20116472,0.20748661,0.18524686,0.18749763
0.22653143,0.21356784,0.19682086,0.17156094,0.19151886
0.24705969,0.18899667,0.2005432,0.18356326,0.1798371
0.21762563,0.24783118,0.1868398,0.18698017,0.16072322
0.21762973,0.22330281,0.19593811,0.17419606,0.18893327
0.13912827,0.2716493,0.25263137,0.2524481,0.084143184
0.2201098,0.21937414,0.1973396,0.18031567,0.18286082
0.20614013,0.23731281,0.22336704,0.22903119,0.104148775
0.21710028,0.20983686,0.20297278,0.19682871,0.17326137
0.22791538,0.2385359,0.20571284,0.17487843,0.15295745
0.2606376,0.21741535,0.17058797,0.1747262,0.17663296
0.22229841,0.21213064,0.19436526,0.1932034,0.17800224
0.22765018,0.20597504,0.20274307,0.22666073,0.13697103
0.2309795,0.19383368,0.19769686,0.18891615,0.18857382
0.19457121,0.19930966,0.22282545,0.19765042,0.18564326
0.22946183,0.2566476,0.19911465,0.18922265,0.12555316
0.2325426,0.21455808,0.1699375,0.20260632,0.18035549
0.20801136,0.20260689,0.1753535,0.16515632,0.24887191
0.23322754,0.19771515,0.19523044,0.18739955,0.18642737
0.21877527,0.1995478,0.18848027,0.2004381,0.19275855
0.20797642,0.22179815,0.19554038,0.20415616,0.17052887
0.20652398,0.19508429,0.20061001,0.20231867,0.19546299
0.23552774,0.17153351,0.18996671,0.19445032,0.20852165
0.20806028,0.20524915,0.20120524,0.19544637,0.19003892
0.2235774,0.20548749,0.19489187,0.18901399,0.18702929
