0.28899598,0.24499637,0.18087827,0.16593966,0.11918964
0.23364383,0.2971908,0.1965771,0.13977756,0.13281071
0.19542915,0.18942295,0.20442599,0.19783124,0.21289067
0.20285885,0.1717339,0.20476612,0.2232935,0.19734766
0.20543261,0.18607956,0.22331174,0.20142037,0.1837557
0.21361795,0.19618315,0.22805764,0.20595162,0.15618958
0.1838062,0.21068062,0.20608455,0.22776105,0.1716676
0.11581497,0.43812433,0.18171887,0.16801412,0.09632774
0.1142378,0.17434865,0.4178328,0.18611912,0.10746161
0.20544943,0.21643922,0.21140239,0.20330332,0.16340557
0.21588078,0.2185874,0.18846162,0.19214287,0.1849273
0.16542588,0.2448698,0.37791142,0.08729501,0.124497846
0.13923825,0.18466981,0.226277,0.36192095,0.08789405
0.1995595,0.18358009,0.21850218,0.22619586,0.17216246
0.19230124,0.2027284,0.21144222,0.20117024,0.19235794
0.068790056,0.10248274,0.30871785,0.4548958,0.06511362
0.2117048,0.23546119,0.21436015,0.1820924,0.15638147
0.13323684,0.18627152,0.25546995,0.29113102,0.13389067
0.19238569,0.21743907,0.21625668,0.20471096,0.16920756
0.23766343,0.23876248,0.23071589,0.1554433,0.13741486
0.16269839,0.24252811,0.21707578,0.27121738,0.106480196
0.2796917,0.22803907,0.17114866,0.15958363,0.16153692
0.2512156,0.23568442,0.16093756,0.17008594,0.18207647
0.30477434,0.28184688,0.16736174,0.13790214,0.1081149
0.14455914,0.34799153,0.1733449,0.21322042,0.120883994
0.18964505,0.20954871,0.19629215,0.22950594,0.1750081
0.16449302,0.34638965,0.114447065,0.20597409,0.16869617
0.17087345,0.20078479,0.19308887,0.22409092,0.211162
0.2318725,0.20337532,0.1890015,0.21021733,0.1655334
0.19058897,0.30156052,0.15517724,0.17669909,0.17597415
0.24648495,0.20128013,0.23568918,0.201881,0.1146647
0.1894949,0.16644983,0.21346723,0.24818258,0.18240543
0.18704148,0.19768393,0.21237734,0.21969207,0.18320519
0.1789302,0.19243012,0.21176505,0.23246312,0.18441148
0.21105523,0.18911289,0.21843505,0.23771036,0.14368649
0.21352439,0.21105193,0.20375288,0.19516152,0.17650928
0.17697409,0.2933484,0.17446512,0.20747937,0.147733
0.21673787,0.19261205,0.1944851,0.20224167,0.1939233
0.22352499,0.19909248,0.2204835,0.19118553,0.16571349
0.24574377,0.19236723,0.19614607,0.20635605,0.15938689
0.14438094,0.1652624,0.3240209,0.2660433,0.1002927
0.21773605,0.18976963,0.20192766,0.20001763,0.19054891
0.16981317,0.18873547,0.20523897,0.22696228,0.20925014
0.1552042,0.2048794,0.22717245,0.29450464,0.11823958
0.08169249,0.14275518,0.22759032,0.49437177,0.053590167
0.20731488,0.18344481,0.20871168,0.21321002,0.18731858
0.19528335,0.19078387,0.19355753,0.21775436,0.20262088
0.18615535,0.2032818,0.2290964,0.22397012,0.15749636
0.22685018,0.19987236,0.2000981,0.19370738,0.17947195
0.19857816,0.22392575,0.18861161,0.21325293,0.17563158
0.19118027,0.22179645,0.2184307,0.19239917,0.17619339
0.14137219,0.23473476,0.14187334,0.38538828,0.096631445
0.20084997,0.19251661,0.23187785,0.19949822,0.1752574
0.20818861,0.19089039,0.17865738,0.21921052,0.20305312
0.18464257,0.19786213,0.19974521,0.3280114,0.0897386
0.20971295,0.22658166,0.19528832,0.2035727,0.16484442
0.19057432,0.3184323,0.22408848,0.16138913,0.10551558
0.23033954,0.19682357,0.19221143,0.20375356,0.17687188
0.25223935,0.23320879,0.16128778,0.21718748,0.13607657
0.20711632,0.19597493,0.1835878,0.21474361,0.19857731
0.19362316,0.19789961,0.18826826,0.21554781,0.20466119
0.14879699,0.17860475,0.33574948,0.20555508,0.13129374
0.05479071,0.10433165,0.31333858,0.49944285,0.028096274
0.2153106,0.20179476,0.18239732,0.23067294,0.16982444
0.23956189,0.24946338,0.21233375,0.16028973,0.1383512
0.20746116,0.24354504,0.17706674,0.1861092,0.18581793
0.17020595,0.29869595,0.19415222,0.18114194,0.15580393
0.20922512,0.28874132,0.19272877,0.14505084,0.164254
0.16421933,0.22581118,0.21039511,0.26865816,0.1309161
0.17751789,0.22585805,0.2095499,0.20026407,0.18681009
0.27926338,0.26749936,0.17542104,0.12119463,0.1566216
0.25258517,0.2983125,0.19229724,0.15227816,0.104527
0.25857398,0.3378622,0.15452819,0.10979835,0.13923727
0.33098236,0.25383082,0.1698625,0.12229314,0.123031154
0.14911215,0.18825197,0.34659263,0.18212713,0.13391608
0.196504,0.21985413,0.20413648,0.19659482,0.18291055
0.18071547,0.2316155,0.22604415,0.20252985,0.15909506
0.20468785,0.1991639,0.2160624,0.19362344,0.18646248
0.1880724,0.19499303,0.21954508,0.18366717,0.21372226
0.19535865,0.24003781,0.20356314,0.23318654,0.1278538
0.19329907,0.22294757,0.21462984,0.19956957,0.16955395
0.21261993,0.26269054,0.18293238,0.14859289,0.19316427
0.25843203,0.31238052,0.1665742,0.15718852,0.105424814
0.24939176,0.20106058,0.175138,0.17128284,0.20312682
0.14274657,0.20435578,0.21550073,0.33958718,0.09780978
0.19188532,0.21840848,0.21126853,0.21075441,0.1676833
0.17947808,0.22097546,0.2260429,0.18717514,0.18632841
0.12333211,0.20399734,0.4505851,0.0913875,0.1306979
0.19961274,0.22342582,0.2046765,0.19677144,0.17551348
0.18916506,0.2214877,0.21833415,0.20033757,0.17067553
0.23095967,0.22007246,0.194998,0.19221509,0.16175473
0.23268217,0.29934248,0.19053811,0.14391828,0.13351879
0.10862497,0.1489246,0.41125175,0.22865666,0.10254208
0.19846748,0.20318174,0.2225793,0.20548503,0.17028648
0.19282587,0.21396247,0.22052707,0.19200566,0.18067889
0.1753852,0.23117553,0.21351308,0.24112798,0.13879813
0.1937424,0.20230612,0.20737047,0.21887238,0.1777086
0.3006772,0.25495547,0.119484246,0.19014294,0.13474019
0.1608963,0.19896768,0.21310279,0.31557298,0.111460246
0.21476252,0.2196627,0.20738317,0.18965463,0.16853699
0.20071916,0.22662644,0.19100896,0.20218189,0.1794636
0.12512508,0.14937966,0.4353208,0.1552834,0.13489112
0.22800499,0.2440415,0.20332563,0.15839411,0.16623373
0.22450826,0.19058242,0.20398821,0.19640738,0.1845137
0.1890172,0.16301107,0.22911452,0.31089926,0.10795793
0.19405122,0.18921648,0.21938097,0.22397625,0.17337507
0.21450923,0.20950526,0.19851659,0.19417928,0.18328965
0.11607431,0.23863582,0.49323434,0.085777424,0.066278085
0.1225002,0.22036736,0.20558104,0.33817402,0.11337739
0.18825345,0.20490481,0.21105829,0.256704,0.13907939
0.19340676,0.18949257,0.15155648,0.3739234,0.09162079
0.20698597,0.22377299,0.19004758,0.17158121,0.20761226
0.24554357,0.20836912,0.19152957,0.18906245,0.16549523
0.25309512,0.2775606,0.16651489,0.15220745,0.15062201
0.24426728,0.19354466,0.25598776,0.18069737,0.12550293
0.20550744,0.18773364,0.21552034,0.24247795,0.14876065
0.19422679,0.1965478,0.20703349,0.20535037,0.19684158
0.11514166,0.1258247,0.28428832,0.39392012,0.080825254
0.23789126,0.2202903,0.19861321,0.17958085,0.16362435
0.15638086,0.20146793,0.23462999,0.30763814,0.09988308
0.25283265,0.24742422,0.182857,0.1420375,0.17484866
0.29808626,0.24066204,0.20897406,0.14997448,0.102303155
0.15228365,0.26052555,0.1712636,0.3140098,0.101917334
0.2530275,0.22132665,0.19122612,0.16521813,0.16920163
0.20226759,0.19748318,0.17021948,0.23309399,0.19693577
0.102259144,0.14234537,0.27728567,0.40469995,0.0734095
0.29232654,0.34330785,0.15336423,0.11217225,0.09882915
0.19781975,0.20339203,0.21450162,0.2142059,0.17008068
0.26219133,0.3220868,0.23452055,0.11223262,0.068968765
0.20264235,0.18589735,0.21063267,0.21243615,0.18839148
0.07275298,0.12877664,0.54058206,0.18354535,0.074342996
0.1902335,0.20007712,0.20470057,0.21063657,0.1943522
0.23057264,0.18811423,0.27181455,0.16348912,0.14600945
0.21764578,0.23574382,0.1919953,0.14960347,0.20501168
0.16379629,0.30792573,0.22338842,0.17805564,0.12683395
0.21674053,0.28194198,0.19722651,0.14635704,0.15773395
0.21406586,0.27578586,0.17561738,0.16898744,0.16554344
0.19231266,0.19080366,0.22069687,0.1938682,0.20231861
0.1996818,0.21867603,0.2123197,0.18921377,0.18010873
0.1453193,0.26620302,0.27082348,0.15291932,0.16473493
0.1717844,0.24126603,0.22007151,0.2593525,0.107525446
0.19356526,0.21926434,0.20510903,0.1973675,0.18469384
0.16015385,0.18218578,0.20995215,0.24253832,0.2051699
0.1856193,0.20199682,0.21091975,0.20681511,0.194649
0.1319441,0.1949731,0.23624742,0.3470324,0.08980263
0.1891891,0.20298113,0.21936025,0.20157485,0.18689471
0.22406259,0.19485642,0.2193585,0.18590793,0.1758145
0.20389004,0.27075392,0.16934901,0.17370702,0.18229994
0.14953694,0.17701183,0.23274474,0.34274006,0.097966224
0.22383201,0.20157814,0.1893808,0.19654374,0.18866532
0.19515173,0.20958805,0.20917746,0.21394797,0.17213477
0.126688,0.18327855,0.41822413,0.13289858,0.1389108
0.21471241,0.23892495,0.20931669,0.1774559,0.15959004
0.21612257,0.24523067,0.19022334,0.15548755,0.19293587
0.18266219,0.20977913,0.22058646,0.1762267,0.21074545
0.13105577,0.20787486,0.23054023,0.3162912,0.11423784
0.19131118,0.22067761,0.21085882,0.17889605,0.19825634
0.24334888,0.33706218,0.15946148,0.14012544,0.120002
0.24748461,0.28333122,0.17046617,0.1733376,0.12538037
0.20004314,0.2742497,0.2493004,0.13057321,0.1458335
0.19877845,0.24024343,0.19876815,0.19072302,0.17148697
0.21855885,0.25923175,0.21676785,0.17306463,0.13237707
0.25984988,0.24186234,0.18886341,0.17335303,0.13607134
0.17825653,0.21686898,0.20128056,0.22560473,0.17798921
0.22249472,0.17970526,0.18846309,0.2187457,0.19059128
0.1109963,0.15515873,0.25553864,0.39633724,0.081969164
0.22449574,0.27851608,0.18082143,0.17971216,0.13645458
0.25583085,0.16005987,0.18314962,0.22027561,0.18068399
0.21738718,0.17358445,0.19400962,0.22765884,0.1873599
0.22876334,0.22766648,0.11741915,0.31238362,0.113767326
0.22761115,0.18962201,0.19803192,0.20228322,0.18245171
0.21955292,0.18433288,0.2585964,0.17812651,0.15939133
0.19205025,0.20790601,0.2224434,0.20122959,0.17637078
0.19305536,0.22113344,0.20333798,0.20636508,0.17610814
0.25147322,0.18202361,0.18611558,0.19474293,0.18564463
0.29855713,0.21273991,0.2444276,0.1503194,0.09395596
0.28518412,0.1610903,0.18939531,0.20918286,0.15514742
0.26541865,0.19554745,0.13839455,0.204672,0.19596738
0.26324135,0.3300365,0.17723079,0.1505807,0.0789107
0.23394641,0.18727016,0.20000936,0.19518912,0.18358496
0.21014977,0.22187841,0.26012427,0.15134513,0.15650244
0.24187718,0.16994837,0.21980867,0.20554654,0.16281927
0.21092208,0.2772937,0.18111734,0.16481008,0.16585676
0.23122363,0.34969026,0.16344115,0.1301111,0.1255339
0.1837779,0.3101992,0.15756047,0.23796317,0.11049931
0.2115998,0.17345424,0.2227578,0.19683297,0.19535519
0.22174056,0.18596664,0.22043693,0.20144217,0.17041372
0.25006443,0.19314887,0.26296917,0.15508628,0.13873118
0.19122837,0.19618247,0.22992672,0.19544698,0.18721549
0.23104799,0.25676167,0.17983916,0.16459832,0.16775297
0.25833648,0.19095184,0.1925458,0.18351047,0.17465545
0.18253872,0.2875443,0.19745807,0.19397706,0.13848193
0.23257968,0.19025385,0.21701698,0.19143844,0.168711
0.19245575,0.19764845,0.20766988,0.21087573,0.19135019
0.12689291,0.21803449,0.09966209,0.21291241,0.34249806
0.18662974,0.18849106,0.21625482,0.20953408,0.19909023
0.18891612,0.1927935,0.22613765,0.18592185,0.20623086
0.22664717,0.17800148,0.28562066,0.16353999,0.14619082
0.20917998,0.1872329,0.22531997,0.20259887,0.17566834
0.23916055,0.110847704,0.12846228,0.37075347,0.15077601
0.18845396,0.20947264,0.21568742,0.18816449,0.19822152
0.24030527,0.21855941,0.23188233,0.17097552,0.1382774
0.20369147,0.19088931,0.20757708,0.20477371,0.19306846
0.10482415,0.44914287,0.16101225,0.16476402,0.120256774
0.2133443,0.20994917,0.19516854,0.20940365,0.17213437
0.11317953,0.4329041,0.15446688,0.16115889,0.13829061
0.22893809,0.18763052,0.18462609,0.20892982,0.18987544
0.17965853,0.20656547,0.21797809,0.19854079,0.1972571
0.20557582,0.18937334,0.20666261,0.20830625,0.19008188
0.19231598,0.24904467,0.23113462,0.16071633,0.1667883
0.22075255,0.20540878,0.18987712,0.18684229,0.19711931
0.31066918,0.14484006,0.21591139,0.17326568,0.15531372
0.2372465,0.15942924,0.2149243,0.21488263,0.17351733
0.1678641,0.28396267,0.15629779,0.28179213,0.110083275
0.15505834,0.22461309,0.2180659,0.2963604,0.10590218
0.18253767,0.20797181,0.23085728,0.21117933,0.16745389
0.22382104,0.18277024,0.19939852,0.20582573,0.18818443
0.1966812,0.25635207,0.22529837,0.16065145,0.1610169
0.20579392,0.24018197,0.2035845,0.17307042,0.1773692
0.25853014,0.13190383,0.23464893,0.20561269,0.16930431
0.18707442,0.31866848,0.18020764,0.19498974,0.11905978
0.22366442,0.17365487,0.21249992,0.20941979,0.18076101
0.21893756,0.19467948,0.19550897,0.20428103,0.18659298
0.196789,0.20042214,0.20116572,0.21912858,0.18249457
0.22364913,0.19574426,0.1891181,0.21559182,0.17589675
0.17120871,0.26863536,0.16961755,0.28467935,0.105858944
0.2201102,0.17729507,0.19684753,0.20850813,0.19723907
0.20850395,0.24639574,0.20070127,0.18581407,0.15858495
0.2638148,0.16984595,0.2087087,0.20321083,0.15441972
0.20597322,0.24560475,0.232088,0.17294072,0.14339322
0.11324535,0.420243,0.17702226,0.1758866,0.113602765
0.21965997,0.1832725,0.19698533,0.20821418,0.191868
0.18088296,0.26871637,0.19845025,0.18789,0.16406041
0.18159479,0.24007215,0.21453467,0.18947384,0.1743245
0.19814491,0.24140078,0.18479532,0.19739476,0.17826426
0.10572194,0.16654557,0.26878303,0.38010034,0.07884917
0.16674376,0.23301333,0.17630892,0.3131957,0.11073831
0.1743786,0.17953892,0.20835382,0.24007972,0.19764899
0.27968875,0.2003165,0.18751977,0.16281915,0.16965587
0.20033045,0.21906897,0.19139531,0.191783,0.1974223
0.16306585,0.33020207,0.19710842,0.209948,0.09967564
0.18689407,0.24882065,0.22537115,0.1838731,0.15504104
0.16348721,0.24894394,0.2798281,0.1843269,0.12341381
0.20561181,0.2339625,0.18735157,0.21126282,0.16181128
0.1292484,0.11058335,0.28961152,0.41253123,0.058025498
0.19394408,0.2331917,0.21108653,0.19304085,0.16873689
0.19195849,0.2079811,0.24858806,0.16436882,0.18710352
0.20466723,0.2676266,0.20382491,0.1714531,0.15242814
0.19532321,0.26986307,0.18650493,0.16961306,0.17869572
0.26096255,0.27095455,0.20331477,0.086806566,0.17796165
0.21811835,0.24812284,0.17891786,0.18573903,0.169102
0.20622215,0.20037258,0.21325895,0.1958174,0.18432887
0.19672139,0.19761178,0.21682116,0.20292206,0.18592365
0.23402251,0.19190606,0.15800938,0.18965317,0.22640888
0.22429003,0.30247018,0.1512719,0.17372666,0.14824131
0.21917483,0.21555349,0.18894166,0.19097766,0.18535246
0.24610105,0.2889586,0.17546935,0.16545957,0.124011405
0.24775073,0.21214247,0.19935599,0.20825507,0.13249575
0.30592924,0.19921409,0.18418458,0.19056453,0.120107554
0.25095162,0.2189119,0.17955106,0.17860435,0.17198105
0.2033069,0.19667622,0.22525421,0.22519557,0.14956704
0.19011512,0.20654227,0.22622408,0.18467738,0.19244108
0.20309725,0.19668733,0.20900157,0.21086977,0.18034407
0.24390902,0.2093168,0.2202978,0.21094447,0.11553187
0.19567285,0.20565173,0.21489686,0.19568874,0.18808983
0.27417186,0.2894356,0.13376784,0.170743,0.13188171
0.22370486,0.18950893,0.20952903,0.20579799,0.17145918
0.14021517,0.32993588,0.14720152,0.17272979,0.20991765
0.24096318,0.17792548,0.2864309,0.14447033,0.15021016
0.18665983,0.1984989,0.19455634,0.21845226,0.20183268
0.23899731,0.31277147,0.123363145,0.22029711,0.104570955
0.2398378,0.17962535,0.19963667,0.21812,0.16278018
0.23153919,0.20056765,0.2217049,0.18283643,0.16335188
0.19153573,0.19628082,0.19820805,0.23612557,0.17784981
0.15705457,0.3778619,0.15103073,0.14410335,0.1699495
0.27580386,0.19730584,0.19908322,0.18693721,0.14086995
0.23105346,0.25043678,0.18193872,0.2013361,0.135235
0.26237887,0.18668094,0.1811106,0.19547376,0.17435594
0.22694291,0.18566696,0.30394804,0.1732596,0.11018255
0.20239425,0.15218635,0.21465988,0.21213792,0.2186216
0.14356954,0.31265214,0.18329947,0.18708095,0.17339796
0.21616119,0.1899377,0.19257809,0.21370114,0.18762195
0.18985087,0.44467503,0.15335993,0.14632638,0.06578777
0.23210968,0.18975365,0.17480561,0.22833689,0.1749942
0.19439453,0.20314595,0.23868409,0.19022341,0.17355205
0.20914754,0.20816618,0.1977739,0.2019144,0.18299802
0.2371947,0.20617025,0.17386721,0.20383878,0.17892908
0.1181405,0.25765774,0.3259774,0.19073367,0.107490726
0.2182544,0.18854707,0.20125836,0.21608785,0.17585225
0.23528035,0.2420499,0.20404664,0.16768782,0.15093529
0.20264485,0.19987279,0.19962144,0.18794088,0.20992005
0.19742806,0.20103325,0.22054875,0.19940417,0.18158577
0.19442339,0.2105074,0.21786585,0.21684839,0.160355
0.25264907,0.22253856,0.19857693,0.19483764,0.13139783
0.19509102,0.21321592,0.20769563,0.1993391,0.18465838
0.18665124,0.22743191,0.24671936,0.18800943,0.15118814
0.20527789,0.19690023,0.19269562,0.210206,0.19492026
0.20170854,0.20092265,0.22431816,0.1859657,0.18708496
0.18793333,0.20299488,0.21490179,0.21180193,0.1823681
0.098377146,0.13715129,0.3017875,0.391354,0.071330056
0.25075716,0.27757522,0.21261032,0.13378721,0.1252701
0.19236897,0.21244605,0.21328789,0.20093353,0.18096359
0.2194229,0.27637297,0.18569064,0.17306088,0.1454526
0.28137532,0.21903515,0.16196106,0.15927815,0.17835031
0.3289213,0.24382153,0.14899808,0.12021666,0.15804249
0.21420345,0.19738102,0.21015608,0.17523961,0.20301986
0.18658063,0.22733866,0.2083679,0.2047822,0.17293064
0.17459825,0.32222182,0.17221083,0.15942377,0.17154534
0.21111992,0.2500318,0.14607114,0.20522732,0.18754983
0.19138244,0.1900998,0.21030442,0.16994162,0.23827171
0.19044407,0.2874759,0.1778711,0.19169345,0.15251549
0.19510348,0.20076652,0.20384157,0.19937064,0.20091783
0.39289033,0.22841778,0.1288186,0.13403247,0.11584084
0.229094,0.21079494,0.21093568,0.18773726,0.16143824
0.3534641,0.32875705,0.12062057,0.11941125,0.07774699
0.19369416,0.20314705,0.22298867,0.18325897,0.19691113
0.29395086,0.15001807,0.24922264,0.13140415,0.17540435
0.17371637,0.16728972,0.16957209,0.2563627,0.23305917
0.24886607,0.16950254,0.21484682,0.19287704,0.17390753
0.23018263,0.17903847,0.20533876,0.19578564,0.18965454
0.22831021,0.20545702,0.1764698,0.20299615,0.18676676
0.28445372,0.16039187,0.23215951,0.19687863,0.1261163
0.2894013,0.15784244,0.18054666,0.21880947,0.15340015
0.25468442,0.17521471,0.22008759,0.18185845,0.16815482
0.13775212,0.35148025,0.17858921,0.17665242,0.15552601
0.20690551,0.19909939,0.19380683,0.20583975,0.19434853
0.19801174,0.17309567,0.2132509,0.2261454,0.18949626
0.21518038,0.19019182,0.20512265,0.2057942,0.18371096
0.21927953,0.16343941,0.21212392,0.19329433,0.21186285
0.20887445,0.20297684,0.21981789,0.19358908,0.17474179
0.1886958,0.25511125,0.16706425,0.24521096,0.14391787
0.19711608,0.18416071,0.17640172,0.24288175,0.19943975
0.185742,0.3789158,0.11301272,0.1968444,0.12548509
0.17960505,0.21629484,0.2134877,0.21115278,0.17945968
0.19009691,0.20032726,0.1958961,0.19263786,0.2210419
0.3552764,0.13694596,0.19958977,0.17335643,0.13483152
0.16632192,0.1970425,0.2196486,0.21232453,0.20466244
0.18603608,0.14865267,0.33412424,0.19637157,0.13481541
0.183521,0.19411464,0.21571743,0.23146664,0.17518029
0.15688293,0.20252344,0.2413941,0.22609085,0.1731087
0.24299316,0.21437214,0.18203874,0.22288254,0.13771337
0.19779728,0.23505814,0.19710748,0.20619933,0.1638378
0.18334158,0.20337604,0.18553476,0.20363069,0.2241169
0.16834006,0.25572214,0.15623815,0.2992429,0.12045675
0.20439605,0.18872945,0.21784322,0.21242939,0.17660189
0.15835804,0.22648786,0.21989672,0.29627442,0.098982945
0.07856629,0.13628712,0.32234576,0.42288935,0.03991117
0.19112328,0.19899514,0.19031465,0.20558368,0.21398322
0.18214068,0.2997838,0.19196945,0.17963746,0.14646865
0.18342899,0.19174533,0.20612673,0.24603221,0.17266676
0.27281594,0.21975002,0.18260361,0.1498368,0.17499362
0.24925411,0.19862191,0.2098926,0.160518,0.18171336
0.14608039,0.19465673,0.11580156,0.27210826,0.27135307
0.20672612,0.20642592,0.20310698,0.21403162,0.16970938
0.17373477,0.20792773,0.23681916,0.21352845,0.1679899
0.22899257,0.17994948,0.18433401,0.20690127,0.1998227
0.20647207,0.18236339,0.19233678,0.21892503,0.19990271
0.2175759,0.19910122,0.31895733,0.13685715,0.12750837
0.19886012,0.1980381,0.21384007,0.20373118,0.18553051
0.18419981,0.26890367,0.17269564,0.21063477,0.16356616
0.18075171,0.19809051,0.22078247,0.21230978,0.18806557
0.13755687,0.50821394,0.229359,0.07403063,0.05083957
0.16018276,0.3206642,0.17603694,0.17985074,0.16326535
0.20499866,0.19520843,0.18940902,0.23455359,0.1758303
0.18652736,0.19010654,0.21827063,0.25043267,0.15466279
0.186302,0.2744137,0.19726597,0.19868477,0.14333352
0.11226328,0.22382177,0.26241726,0.32483953,0.07665814
0.18537514,0.18583958,0.20085408,0.22321339,0.20471786
0.15190315,0.26721263,0.23744158,0.25941622,0.084026374
0.20150341,0.2054725,0.20645046,0.21618406,0.17038958
0.15496048,0.34165463,0.17872053,0.18049204,0.1441723
0.18579003,0.19974852,0.2084707,0.24106313,0.1649276
0.18068248,0.2799744,0.23380445,0.20639819,0.09914038
0.19696333,0.17880878,0.20878252,0.24460635,0.170839
0.2659418,0.1600119,0.25008017,0.18963514,0.13433106
0.1993942,0.22492851,0.20134908,0.20440398,0.16992427
0.16195974,0.25791788,0.26170278,0.16473551,0.15368408
0.19315304,0.28103977,0.22408347,0.19500604,0.10671765
0.1652658,0.23987949,0.23038702,0.22612414,0.13834354
0.2052232,0.22125836,0.21067101,0.18865587,0.17419158
0.18972002,0.25158158,0.2039932,0.1970471,0.15765813
0.22463608,0.20259845,0.23698756,0.19204418,0.14373371
0.20631373,0.22275576,0.2329926,0.17318656,0.16475137
0.22975738,0.1847144,0.2552778,0.19906335,0.1311871
0.1946272,0.1782316,0.19010083,0.22630094,0.21073946
0.21620682,0.18754965,0.20805608,0.21731889,0.17086858
0.20112607,0.27132398,0.16551636,0.23227593,0.12975761
0.18985307,0.22043465,0.19913018,0.21359074,0.17699139
0.2563742,0.2649091,0.16177091,0.14715476,0.169791
0.2643774,0.28123352,0.16658187,0.14879346,0.13901377
0.25706446,0.27151826,0.1427608,0.16117263,0.16748385
0.23515102,0.24197571,0.18433753,0.16418962,0.17434607
0.23925933,0.33814707,0.15436961,0.15618418,0.1120398
0.26949275,0.22552419,0.16072728,0.1623367,0.18191905
0.1532073,0.21830621,0.30099818,0.19491868,0.13256958
0.19838583,0.2041385,0.18408675,0.22044986,0.19293901
0.1795486,0.21295194,0.20376733,0.20848109,0.19525105
0.18543312,0.25455788,0.18678305,0.20516206,0.16806401
0.18310416,0.30060673,0.16800947,0.1931871,0.15509246
0.21440195,0.17857432,0.19993441,0.22042039,0.18666896
0.13546325,0.19549778,0.23261355,0.35096538,0.085459955
0.1834131,0.18613534,0.20386928,0.23736866,0.18921365
0.21263874,0.22445667,0.12992312,0.25476605,0.17821544
0.1790291,0.22090423,0.19873823,0.21033345,0.19099504
0.11489319,0.38221952,0.17163059,0.18022288,0.15103388
0.19136505,0.18994789,0.20084111,0.2310466,0.18679935
0.17646092,0.21065925,0.20007439,0.24085578,0.17194965
0.14642619,0.3647547,0.2083285,0.24029645,0.040194128
0.19684541,0.19483794,0.19123486,0.22963235,0.1874494
0.26166227,0.31492004,0.111413546,0.16710484,0.14489925
0.16069703,0.21616744,0.20082402,0.18296471,0.23934677
0.18518896,0.19567426,0.20944045,0.21171956,0.19797677
0.22218114,0.18343571,0.20267354,0.22307335,0.16863626
0.20320527,0.21370944,0.20246832,0.19703434,0.18358272
0.20304927,0.24484394,0.19631188,0.24173804,0.11405681
0.21240108,0.18765754,0.20763128,0.20312726,0.18918285
0.26300573,0.13737269,0.42151326,0.08541633,0.09269199
0.19189417,0.20463926,0.19274972,0.21574144,0.19497539
0.17186199,0.20567374,0.19258443,0.21663201,0.21324794
0.20784183,0.22396469,0.19965938,0.19297345,0.17556068
0.1946058,0.20601872,0.2066062,0.22105959,0.17170976
0.2316446,0.21843676,0.17983371,0.2737899,0.09629502
0.17948277,0.18597943,0.24939588,0.20089522,0.18424667
0.18331727,0.26659313,0.20690854,0.18527308,0.157908
0.13636315,0.21945757,0.2469082,0.28195083,0.1153203
0.2005281,0.22135776,0.20581266,0.19276981,0.17953168
0.19873731,0.19154236,0.20895141,0.2126584,0.18811052
0.19704147,0.21457791,0.19462213,0.24816412,0.14559442
0.24375832,0.21192098,0.18948834,0.20065804,0.15417428
0.22064862,0.19693765,0.21119438,0.1963134,0.17490603
0.13391764,0.37269202,0.17710216,0.19771096,0.11857722
0.20661879,0.21134304,0.20360164,0.20786572,0.17057082
0.16615824,0.12555267,0.50579005,0.1096459,0.092853144
0.18716878,0.18346007,0.20011653,0.26255056,0.16670412
0.20643096,0.23654369,0.19509426,0.19628353,0.16564758
0.12079419,0.18711561,0.27152514,0.3262011,0.09436392
0.21029988,0.22020797,0.2224997,0.20571062,0.14128184
0.20585567,0.21692188,0.18539597,0.20665015,0.18517634
0.18914467,0.23314264,0.21016836,0.20408317,0.16346116
0.14819796,0.21443713,0.2231191,0.30341604,0.11082983
0.2184663,0.21037082,0.20342101,0.17073794,0.19700402
0.24390085,0.23848431,0.1934962,0.1690595,0.15505922
0.25799587,0.21773481,0.19991837,0.18373011,0.14062083
0.221518,0.300647,0.17243065,0.15446953,0.15093485
0.19539149,0.22182086,0.21661225,0.19560406,0.17057139
0.16877408,0.19814065,0.21545741,0.22618736,0.19144054
0.18696244,0.19478697,0.19942103,0.2025845,0.21624506
0.18146235,0.286424,0.18014458,0.20721808,0.1447509
0.17069992,0.21285178,0.2113726,0.21764363,0.18743208
0.15563013,0.1663379,0.22571582,0.35808894,0.09422714
0.21286637,0.2685638,0.168907,0.19726153,0.15240134
0.22007477,0.21311656,0.19000979,0.17568581,0.20111306
0.2380275,0.28337514,0.16793837,0.13221289,0.17844605
0.28203017,0.26689535,0.17427745,0.12940642,0.14739062
0.22861879,0.27802747,0.18123665,0.16601543,0.14610165
0.22037585,0.26273227,0.1863962,0.13906965,0.19142607
0.21653715,0.23393184,0.22616455,0.15579738,0.16756906
0.18624239,0.3156674,0.16957489,0.16488709,0.16362818
0.24083683,0.24903734,0.20788538,0.15205796,0.15018252
0.264399,0.2755743,0.17711292,0.13806187,0.144852
0.20428202,0.274472,0.18840387,0.23845977,0.09438223
0.20593075,0.18612331,0.21986197,0.18837091,0.19971308
0.21440862,0.24015324,0.18892145,0.18311879,0.17339788
0.15136501,0.22473854,0.41242376,0.12348802,0.0879848
0.18910782,0.24536486,0.1421216,0.30927637,0.11412936
0.26010165,0.27185425,0.20557345,0.1377009,0.124769755
0.27415743,0.1833004,0.20352839,0.14849609,0.19051768
0.27508792,0.26722845,0.22703435,0.14091557,0.0897337
0.22461455,0.26513377,0.20349681,0.17374581,0.133009
0.21456158,0.21972197,0.22117646,0.15651898,0.18802103
0.15050735,0.25746086,0.23723382,0.23524934,0.11954871
0.2065162,0.22829075,0.21055184,0.16234405,0.19229713
0.24443541,0.2746944,0.18673474,0.15175824,0.14237726
0.22098252,0.32305038,0.10550622,0.20720108,0.14325973
0.27390897,0.28959492,0.1440742,0.14077695,0.1516449
0.24982229,0.23745118,0.16629697,0.16793212,0.17849743
0.21726276,0.22614841,0.2206095,0.1820888,0.15389054
0.17428118,0.34654027,0.18087472,0.16306223,0.13524161
0.2338989,0.26895666,0.18163301,0.14605416,0.1694573
0.22761613,0.36808965,0.14418979,0.124039695,0.13606475
0.19514968,0.24573584,0.22000301,0.1656622,0.17344928
0.2567964,0.20687282,0.23077132,0.1512376,0.15432185
0.1944075,0.22421767,0.16914421,0.24003603,0.17219462
0.13855116,0.2424174,0.19443624,0.3039004,0.12069483
0.24160866,0.22510983,0.18581162,0.20143993,0.14602995
0.20012726,0.22063343,0.21146238,0.19100517,0.17677173
0.19682834,0.1761331,0.24912107,0.1954301,0.18248735
0.27081832,0.20244665,0.18328483,0.16226734,0.1811828
0.18917589,0.2920906,0.18976313,0.1620206,0.16694973
0.21244386,0.18691663,0.20683303,0.23425317,0.15955327
0.18008943,0.20038943,0.26756,0.1919869,0.15997428
0.21644944,0.21260017,0.1945704,0.21900451,0.15737548
0.18125749,0.23347257,0.19249141,0.2213941,0.17138442
0.19359852,0.1775824,0.2480713,0.1658978,0.21485001
0.2079126,0.24444002,0.19577631,0.17911913,0.17275196
0.20093966,0.22931361,0.21203019,0.2168492,0.14086743
0.1982811,0.22066613,0.1848346,0.23681514,0.15940306
0.24305344,0.251141,0.21585658,0.16272286,0.12722613
0.21414535,0.17791015,0.2138491,0.21465874,0.17943662
0.1834951,0.1906214,0.19924629,0.23398402,0.19265315
0.18492778,0.18973795,0.25549868,0.2426898,0.12714574
0.18472783,0.19140315,0.16654737,0.22488236,0.23243928
0.199211,0.15436167,0.30364993,0.22583209,0.11694528
0.17847785,0.21716529,0.19759056,0.21015865,0.19660766
0.20943758,0.19180524,0.19029957,0.18252459,0.225933
0.1986928,0.21389274,0.21164143,0.1978658,0.17790723
0.21119729,0.3229714,0.1420748,0.17319289,0.15056352
0.21931052,0.17935653,0.2066632,0.19514066,0.19952905
0.11806748,0.17445946,0.24388719,0.37687695,0.08670885
0.20921127,0.18958905,0.21563067,0.2045017,0.18106735
0.24075614,0.2995036,0.11938092,0.1803267,0.1600326
0.20492263,0.21408546,0.20244111,0.19260089,0.18594986
0.18584831,0.19413503,0.23550749,0.20399159,0.18051757
0.2137427,0.16312124,0.23290716,0.19483325,0.19539568
0.18561703,0.21245903,0.2112055,0.20866488,0.1820535
0.2020015,0.27754244,0.17990017,0.18639739,0.15415847
0.1667751,0.21461594,0.21531193,0.2074203,0.19587672
0.23512241,0.25102594,0.19286901,0.2039042,0.11707844
0.17498712,0.23873602,0.20170137,0.2631747,0.12140074
0.25213718,0.15542598,0.18587926,0.21573636,0.19082128
0.17847031,0.37481004,0.17100467,0.18067783,0.09503716
0.20210218,0.20008937,0.20747852,0.21943803,0.17089191
0.21002616,0.17349665,0.21162298,0.21523122,0.18962298
0.20056958,0.21970299,0.21150705,0.19231924,0.17590109
0.17103106,0.19509584,0.20762157,0.21231297,0.21393853
0.2830883,0.25990796,0.18552186,0.17398709,0.09749474
0.20428506,0.19195643,0.20037305,0.20936523,0.19402021
0.16870336,0.27149522,0.18877919,0.19060498,0.18041725
